------------------------------------------
Bristol/Jhnsn_Cty/Kngsprt, Tennessee (TRI)
------------------------------------------
Jan:  4.08  0.68  1.29  0.00 :  34  42  24
Feb:  4.48  1.12  1.58  0.62 :  38  44  25
Mar:  0.90  0.22  0.38  0.08 :  51  60  40
Apr:  2.03  0.51  0.59  0.37 :  54  62  46
May:  3.97  0.79  2.04  0.30 :  64  69  60
Jun:  1.62  0.41  0.91  0.00 :  73  76  70
Jul:  2.89  0.58  1.31  0.00 :  78  81  76
Aug:  3.21  0.80  3.18  0.00 :  78  81  76
Sep:  1.97  0.49  1.29  0.00 :  73  75  70
Oct:  0.74  0.15  0.47  0.00 :  61  63  58
Nov:  0.19  0.05  0.09  0.01 :  48  58  42
Dec:  4.20  1.05  1.57  0.59 :  39  42  38
------------------------------------------
Chattanooga, Tennessee (CHA)
------------------------------------------
Jan:  4.51  0.75  1.95  0.00 :  40  47  30
Feb:  7.07  1.77  2.75  0.02 :  45  49  35
Mar:  2.52  0.63  0.99  0.25 :  56  63  47
Apr:  1.33  0.33  0.65  0.04 :  60  67  54
May:  1.43  0.29  0.60  0.00 :  70  75  65
Jun:  1.20  0.30  0.93  0.00 :  80  83  77
Jul:  2.50  0.50  1.12  0.00 :  83  86  82
Aug:  2.38  0.60  1.17  0.05 :  83  84  82
Sep:  1.20  0.30  0.95  0.00 :  80  81  79
Oct:  0.08  0.02  0.08  0.00 :  67  71  67
Nov:  0.06  0.02  0.05  0.00 :  55  66  48
Dec:  4.21  1.05  1.47  0.02 :  44  47  42
------------------------------------------
Clarksville, Tennessee (CKV)
------------------------------------------
Jan:  3.85  0.64  1.78  0.00 :  36  46  24
Feb:  4.45  1.11  1.74  0.27 :  41  47  28
Mar:  5.11  1.28  3.94  0.25 :  52  61  41
Apr:  1.48  0.37  0.67  0.00 :  56  63  50
May:  5.28  1.06  1.61  0.06 :  65  72  59
Jun:  3.46  0.87  1.73  0.00 :  77  82  72
Jul: 11.98  2.40  4.98  0.33 :  79  82  77
Aug:  5.89  1.47  2.63  0.28 :  79  81  77
Sep:  1.29  0.32  0.72  0.00 :  75  77  72
Oct:  0.24  0.05  0.17  0.00 :  64  68  63
Nov:  0.61  0.15  0.47  0.00 :  52  63  44
Dec:  3.86  0.96  1.86  0.12 :  37  40  35
------------------------------------------
Crossville, Tennessee (CSV)
------------------------------------------
Jan:  4.54  0.76  1.77  0.00 :  35  43  24
Feb:  8.94  2.24  3.83  0.09 :  39  45  26
Mar:  1.95  0.49  0.79  0.19 :  52  62  41
Apr:  1.67  0.42  0.84  0.00 :  55  67  48
May:  1.84  0.37  1.01  0.01 :  65  73  59
Jun:  3.48  0.87  1.58  0.00 :  72  74  69
Jul:  5.67  1.13  1.97  0.59 :  76  79  73
Aug:  3.99  1.00  2.32  0.30 :  76  78  75
Sep:  0.83  0.21  0.62  0.00 :  72  73  71
Oct:  0.27  0.05  0.27  0.00 :  62  64  61
Nov:  0.23  0.06  0.22  0.00 :  50  61  44
Dec:  5.98  1.49  2.05  0.78 :  38  41  35
------------------------------------------
Knoxville, Tennessee (TYS)
------------------------------------------
Jan:  4.21  0.70  1.45  0.00 :  37  46  27
Feb:  7.12  1.78  3.09  0.14 :  41  47  29
Mar:  2.32  0.58  1.13  0.28 :  54  63  43
Apr:  1.78  0.44  0.71  0.26 :  58  67  50
May:  4.04  0.81  1.42  0.19 :  67  72  63
Jun:  4.17  1.04  3.11  0.00 :  77  80  74
Jul:  4.80  0.96  3.71  0.00 :  81  84  80
Aug:  2.33  0.58  1.00  0.10 :  81  83  80
Sep:  0.91  0.23  0.56  0.00 :  78  79  77
Oct:  0.18  0.04  0.14  0.00 :  65  68  64
Nov:  0.27  0.07  0.16  0.00 :  53  64  46
Dec:  5.51  1.38  2.28  0.64 :  41  43  41
------------------------------------------
Memphis, Tennessee (MEM)
------------------------------------------
Jan:  3.11  0.52  1.42  0.00 :  42  51  32
Feb:  5.58  1.39  2.03  0.11 :  47  55  39
Mar: 12.01  3.00 10.58  0.11 :  57  63  52
Apr:  3.80  0.95  1.73  0.00 :  61  68  56
May:  4.85  0.97  2.54  0.02 :  70  76  64
Jun:  0.60  0.15  0.35  0.00 :  82  87  80
Jul:  8.02  1.60  2.88  0.00 :  85  86  84
Aug:  5.53  1.38  3.80  0.00 :  84  87  80
Sep:  0.67  0.17  0.58  0.00 :  82  83  80
Oct:  1.22  0.24  1.16  0.00 :  70  74  68
Nov:  1.17  0.29  0.57  0.00 :  57  68  50
Dec:  6.49  1.62  2.18  0.49 :  43  46  40
------------------------------------------
Nashville, Tennessee (BNA)
------------------------------------------
Jan:  3.39  0.56  1.42  0.00 :  39  50  26
Feb:  4.46  1.12  1.79  0.28 :  43  50  31
Mar:  3.65  0.91  1.88  0.01 :  55  65  45
Apr:  0.52  0.13  0.27  0.00 :  59  67  52
May:  2.37  0.47  1.42  0.00 :  67  74  62
Jun:  3.91  0.98  2.01  0.00 :  79  83  75
Jul:  6.28  1.26  4.70  0.00 :  82  85  80
Aug:  6.44  1.61  2.15  0.87 :  81  83  79
Sep:  1.64  0.41  1.33  0.00 :  78  80  77
Oct:  0.43  0.09  0.36  0.00 :  67  70  66
Nov:  0.15  0.04  0.13  0.00 :  55  66  47
Dec:  5.72  1.43  2.39  0.42 :  41  44  39
